1 0 0 0 0 0 0 100 100 0 0 0 0
1 0 256 0 0 0 0 100 100 0 0 0 0
19 1088 448 0 0 0 0 100 100 0 0 0 0
8 1152 448 1 0 0 0 100 100 0 0 0 0
8 1216 448 1 0 0 0 100 100 0 0 0 0
19 1088 384 0 1 0 0 100 100 0 0 0 0
8 1152 384 1 1 0 0 100 100 0 0 0 0
8 1216 384 1 1 0 0 100 100 0 0 0 0
19 1088 192 0 1 0 0 100 100 0 0 0 0
8 1152 192 1 1 0 0 100 100 0 0 0 0
8 1216 192 1 1 0 0 100 100 0 0 0 0
8 1152 256 1 0 0 0 100 100 0 0 0 0
8 1216 256 1 0 0 0 100 100 0 0 0 0
1 1152 320 0 0 0 0 100 100 0 0 0 0
1 1216 320 0 0 0 0 100 100 0 0 0 0
19 1088 256 0 0 0 0 100 100 0 0 0 0
1 1088 256 0 -1 0 0 100 100 0 0 0 0
1 1152 256 0 -1 0 0 100 100 0 0 0 0
1 1216 256 0 -1 0 0 100 100 0 0 0 0
1 1216 192 0 -1 0 0 100 100 0 0 0 0
1 1152 192 0 -1 0 0 100 100 0 0 0 0
1 1088 192 0 -1 0 0 100 100 0 0 0 0
1 1088 384 0 -1 0 0 100 100 0 0 0 0
1 1152 384 0 -1 0 0 100 100 0 0 0 0
1 1216 384 0 -1 0 0 100 100 0 0 0 0
1 1216 448 0 -1 0 0 100 100 0 0 0 0
1 1152 448 0 -1 0 0 100 100 0 0 0 0
1 1088 448 0 -1 0 0 100 100 0 0 0 0
2 1088 512 0 0 0 0 100 100 0 0 0 0
2 1152 512 0 0 0 0 100 100 0 0 0 0
2 1216 512 0 0 0 0 100 100 0 0 0 0
15 960 256 1 0 0 0 100 100 0 0 0 0
16 1024 256 1 0 0 90 100 100 0 0 0 0
15 896 256 1 0 0 0 100 100 0 0 0 0
15 832 256 1 0 0 0 100 100 0 0 0 0
16 768 256 1 0 0 -90 100 100 0 0 0 0
16 1024 448 1 0 0 90 100 100 0 0 0 0
15 896 448 1 0 0 0 100 100 0 0 0 0
15 960 448 1 0 0 0 100 100 0 0 0 0
15 832 448 1 0 0 0 100 100 0 0 0 0
16 768 448 1 0 0 -90 100 100 0 0 0 0
1 832 320 0 0 0 0 100 100 0 0 0 0
1 1024 320 0 0 0 0 100 100 0 0 0 0
1 896 384 0 0 0 0 100 100 0 0 0 0
2 1024 512 0 0 0 0 100 100 0 0 0 0
2 960 512 0 0 0 0 100 100 0 0 0 0
2 896 512 0 0 0 0 100 100 0 0 0 0
2 832 512 0 0 0 0 100 100 0 0 0 0
2 768 512 0 0 0 0 100 100 0 0 0 0
2 1024 192 0 0 0 0 100 100 0 0 0 0
2 960 192 0 0 0 0 100 100 0 0 0 0
2 896 192 0 0 0 0 100 100 0 0 0 0
2 832 192 0 0 0 0 100 100 0 0 0 0
2 768 192 0 0 0 0 100 100 0 0 0 0
1 1280 384 0 0 0 0 100 100 0 0 0 0
1 1280 448 0 0 0 0 100 100 0 0 0 0
1 1344 320 0 0 0 0 100 100 0 0 0 0
1 1280 192 0 0 0 0 100 100 0 0 0 0
1 1280 256 0 0 0 0 100 100 0 0 0 0
1 1344 192 0 0 0 0 100 100 0 0 0 0
1 1344 256 0 0 0 0 100 100 0 0 0 0
1 1344 384 0 0 0 0 100 100 0 0 0 0
1 1280 512 0 0 0 0 100 100 0 0 0 0
1 1344 512 0 0 0 0 100 100 0 0 0 0
0 1344 448 1 0 0 0 100 100 0 0 0 0
1 1280 320 0 0 0 0 100 100 0 0 0 0
5 1088 320 0 0 0 0 100 100 0 0 0 0
5 1024 384 0 0 0 0 100 100 0 0 0 0
5 960 320 0 0 0 0 100 100 0 0 0 0
4 960 384 0 0 0 0 100 100 0 0 0 0
4 896 320 0 0 0 0 100 100 0 0 0 0
4 832 384 0 0 0 0 100 100 0 0 0 0
5 768 320 0 0 0 0 100 100 0 0 0 0
0 640 0 1 0 0 0 100 100 0 0 0 0
0 -64 0 1 0 0 0 100 100 0 0 0 0
0 -64 64 1 0 0 0 100 100 0 0 0 0
0 -64 128 1 0 0 0 100 100 0 0 0 0
0 -64 192 1 0 0 0 100 100 0 0 0 0
0 -64 256 1 0 0 0 100 100 0 0 0 0
0 -64 320 1 0 0 0 100 100 0 0 0 0
0 -64 384 1 0 0 0 100 100 0 0 0 0
1 64 0 0 0 0 0 100 100 0 0 0 0
1 64 128 0 0 0 0 100 100 0 0 0 0
1 0 128 0 0 0 0 100 100 0 0 0 0
1 64 192 0 0 0 0 100 100 0 0 0 0
1 0 192 0 0 0 0 100 100 0 0 0 0
1 64 256 0 0 0 0 100 100 0 0 0 0
0 128 0 1 0 0 0 100 100 0 0 0 0
12 64 0 0 2 0 0 100 100 0 0 0 0
12 0 0 0 2 0 0 100 100 0 0 0 0
1 64 64 0 2 0 0 100 100 0 0 0 0
1 0 64 0 2 0 0 100 100 0 0 0 0
9 384 128 1 0 0 0 100 100 0 0 0 0
9 448 128 1 0 0 0 -100 100 0 0 0 0
5 448 256 0 0 0 0 100 100 0 0 0 0
5 384 256 0 0 0 0 100 100 0 0 0 0
4 448 320 0 0 0 0 100 100 0 0 0 0
4 384 320 0 0 0 0 100 100 0 0 0 0
4 320 320 0 0 0 0 100 100 0 0 0 0
4 256 320 0 0 0 0 100 100 0 0 0 0
4 192 320 0 0 0 0 100 100 0 0 0 0
4 128 320 0 0 0 0 100 100 0 0 0 0
4 0 320 0 0 0 0 100 100 0 0 0 0
5 64 320 0 0 0 0 100 100 0 0 0 0
4 64 384 0 0 0 0 100 100 0 0 0 0
1 0 384 0 0 0 0 100 100 0 0 0 0
1 0 576 0 0 0 0 100 100 0 0 0 0
1 0 512 0 0 0 0 100 100 0 0 0 0
1 64 512 0 0 0 0 100 100 0 0 0 0
1 64 576 0 0 0 0 100 100 0 0 0 0
1 128 384 0 0 0 0 100 100 0 0 0 0
1 192 384 0 0 0 0 100 100 0 0 0 0
1 256 384 0 0 0 0 100 100 0 0 0 0
1 320 384 0 0 0 0 100 100 0 0 0 0
1 384 384 0 0 0 0 100 100 0 0 0 0
1 448 384 0 0 0 0 100 100 0 0 0 0
12 128 384 0 0 0 0 100 100 0 0 0 0
12 192 384 0 0 0 0 100 100 0 0 0 0
12 256 384 0 0 0 0 100 100 0 0 0 0
12 320 384 0 0 0 0 100 100 0 0 0 0
12 384 384 0 0 0 0 100 100 0 0 0 0
12 448 384 0 0 0 0 100 100 0 0 0 0
4 512 320 0 0 0 0 100 100 0 0 0 0
4 576 320 0 0 0 0 100 100 0 0 0 0
4 640 320 0 0 0 0 100 100 0 0 0 0
4 704 320 0 0 0 0 100 100 0 0 0 0
18 512 330 1 1 0 0 100 100 0 0 0 0
8 448 330 1 1 0 0 100 100 0 0 0 0
8 384 330 1 1 0 0 100 100 0 0 0 0
8 320 330 1 1 0 0 100 100 0 0 0 0
8 256 330 1 1 0 0 100 100 0 0 0 0
8 192 330 1 1 0 0 100 100 0 0 0 0
19 128 330 1 1 0 0 100 100 0 0 0 0
20 128 386 1 2 0 0 100 100 0 0 0 0
20 512 385 1 2 0 0 100 100 0 0 0 0
25 128 64 0 0 0 0 100 100 34 58 0 0
25 192 64 0 0 0 0 100 100 34 58 0 0
25 256 64 0 0 0 0 100 100 34 58 0 0
25 320 64 0 0 0 0 100 100 34 58 0 0
25 384 64 0 0 0 0 100 100 34 58 0 0
25 448 64 0 0 0 0 100 100 34 58 0 0
25 512 64 0 0 0 0 100 100 34 58 0 0
25 576 64 0 0 0 0 100 100 34 58 0 0
25 640 64 0 0 0 0 100 100 34 58 0 0
25 640 128 0 0 0 0 100 100 34 58 0 0
25 576 128 0 0 0 0 100 100 34 58 0 0
25 512 128 0 0 0 0 100 100 34 58 0 0
25 512 192 0 0 0 0 100 100 34 58 0 0
25 576 192 0 0 0 0 100 100 34 58 0 0
25 640 192 0 0 0 0 100 100 34 58 0 0
25 640 256 0 0 0 0 100 100 34 58 0 0
25 576 256 0 0 0 0 100 100 34 58 0 0
25 512 256 0 0 0 0 100 100 34 58 0 0
25 320 256 0 0 0 0 100 100 34 58 0 0
25 320 192 0 0 0 0 100 100 34 58 0 0
25 320 128 0 0 0 0 100 100 34 58 0 0
25 256 128 0 0 0 0 100 100 34 58 0 0
25 192 128 0 0 0 0 100 100 34 58 0 0
25 128 128 0 0 0 0 100 100 34 58 0 0
25 128 192 0 0 0 0 100 100 34 58 0 0
25 192 192 0 0 0 0 100 100 34 58 0 0
25 256 192 0 0 0 0 100 100 34 58 0 0
25 256 256 0 0 0 0 100 100 34 58 0 0
25 192 256 0 0 0 0 100 100 34 58 0 0
25 128 256 0 0 0 0 100 100 34 58 0 0
21 640 64 1 2 0 0 100 100 0 0 0 0
22 640 128 1 2 0 90 100 100 0 0 0 0
22 640 192 1 2 0 90 100 100 0 0 0 0
21 640 256 1 2 0 0 100 -100 0 0 0 0
22 576 256 1 2 0 0 100 -100 0 0 0 0
21 512 256 1 2 0 0 -100 -100 0 0 0 0
21 320 256 1 2 0 0 100 -100 0 0 0 0
21 128 256 1 2 0 0 -100 -100 0 0 0 0
21 128 64 1 2 0 0 -100 100 0 0 0 0
22 576 64 1 2 0 0 100 100 0 0 0 0
22 512 64 1 2 0 0 100 100 0 0 0 0
22 448 64 1 2 0 0 100 100 0 0 0 0
22 384 64 1 2 0 0 100 100 0 0 0 0
22 320 64 1 2 0 0 100 100 0 0 0 0
22 256 64 1 2 0 0 100 100 0 0 0 0
22 192 64 1 2 0 0 100 100 0 0 0 0
22 128 128 1 2 0 -90 100 100 0 0 0 0
22 128 192 1 2 0 -90 100 100 0 0 0 0
22 320 192 1 2 0 90 100 100 0 0 0 0
22 320 128 1 2 0 90 100 100 0 0 0 0
22 512 128 1 2 0 -90 100 100 0 0 0 0
22 512 192 1 2 0 -90 100 100 0 0 0 0
22 256 256 1 2 0 0 100 -100 0 0 0 0
22 192 256 1 2 0 0 100 -100 0 0 0 0
22 384 64 1 2 0 0 100 -100 0 0 0 0
22 448 64 1 2 0 0 100 -100 0 0 0 0
0 192 -64 1 0 0 0 100 100 0 0 0 0
0 256 -128 1 0 0 0 100 100 0 0 0 0
0 320 -192 1 0 0 0 100 100 0 0 0 0
0 384 -256 1 0 0 0 100 100 0 0 0 0
0 448 -192 1 0 0 0 100 100 0 0 0 0
0 512 -128 1 0 0 0 100 100 0 0 0 0
4 576 0 0 0 0 0 100 100 0 0 0 0
4 512 0 0 0 0 0 100 100 0 0 0 0
4 448 0 0 0 0 0 100 100 0 0 0 0
4 384 0 0 0 0 0 100 100 0 0 0 0
4 320 0 0 0 0 0 100 100 0 0 0 0
4 256 0 0 0 0 0 100 100 0 0 0 0
4 192 0 0 0 0 0 100 100 0 0 0 0
5 256 -64 0 0 0 0 100 100 0 0 0 0
5 320 -64 0 0 0 0 100 100 0 0 0 0
5 320 -128 0 0 0 0 100 100 0 0 0 0
5 384 -192 0 0 0 0 100 100 0 0 0 0
5 384 -128 0 0 0 0 100 100 0 0 0 0
5 384 -64 0 0 0 0 100 100 0 0 0 0
5 448 -128 0 0 0 0 100 100 0 0 0 0
5 448 -64 0 0 0 0 100 100 0 0 0 0
5 512 -64 0 0 0 0 100 100 0 0 0 0
35 128 512 0 0 0 0 100 100 0 0 0 0
38 128 640 0 0 0 0 100 100 0 0 0 0
36 192 512 0 0 0 0 100 100 0 0 0 0
36 256 512 0 0 0 0 100 100 0 0 0 0
36 320 512 0 0 0 0 100 100 0 0 0 0
36 384 512 0 0 0 0 100 100 0 0 0 0
41 128 576 0 0 0 0 100 100 0 0 0 0
37 576 512 0 0 0 0 100 100 0 0 0 0
36 512 512 0 0 0 0 100 100 0 0 0 0
36 448 512 0 0 0 0 100 100 0 0 0 0
40 576 576 0 0 0 0 100 100 0 0 0 0
39 576 640 0 0 0 0 100 100 0 0 0 0
36 512 640 0 0 0 0 100 -100 0 0 0 0
36 448 640 0 0 0 0 100 -100 0 0 0 0
36 384 640 0 0 0 0 100 -100 0 0 0 0
36 320 640 0 0 0 0 100 -100 0 0 0 0
36 256 640 0 0 0 0 100 -100 0 0 0 0
36 192 640 0 0 0 0 100 -100 0 0 0 0
26 512 576 0 0 0 0 100 100 0 0 0 0
26 448 576 0 0 0 0 100 100 0 0 0 0
26 384 576 0 0 0 0 100 100 0 0 0 0
26 320 576 0 0 0 0 100 100 0 0 0 0
26 256 576 0 0 0 0 100 100 0 0 0 0
26 192 576 0 0 0 0 100 100 0 0 0 0
44 512 448 0 0 0 0 100 -100 0 0 0 0
44 128 448 0 0 0 0 100 -100 0 0 0 0
44 192 448 0 0 0 0 100 -100 0 0 0 0
44 256 448 0 0 0 0 100 100 0 0 0 0
44 320 448 0 0 0 0 100 -100 0 0 0 0
44 384 448 0 0 0 0 100 100 0 0 0 0
44 448 448 0 0 0 0 100 100 0 0 0 0
45 576 448 0 0 0 0 -100 -100 0 0 0 0
45 576 384 0 0 0 0 100 100 0 0 0 0
44 768 384 0 0 0 0 100 100 0 0 0 0
44 704 384 0 0 0 0 100 -100 0 0 0 0
44 640 384 0 0 0 0 100 100 0 0 0 0
44 64 448 0 0 0 0 100 100 0 0 0 0
44 0 448 0 0 0 0 100 100 0 0 0 0
0 -64 448 1 0 0 0 100 100 0 0 0 0
0 -64 512 1 0 0 0 100 100 0 0 0 0
0 -64 576 1 0 0 0 100 100 0 0 0 0
0 576 -64 1 0 0 0 100 100 0 0 0 0
box 1408 704
