13 128 0 0 0 0 0 100 100 0 0
13 128 64 0 0 0 90 100 100 0 0
14 0 64 0 0 0 -90 100 100 0 0
15 0 128 0 0 0 90 100 100 0 0
15 0 192 0 0 0 90 100 100 0 0
15 0 256 0 0 0 90 100 100 0 0
15 0 320 0 0 0 90 100 100 0 0
9 192 0 1 0 2 0 100 100 0 0
14 320 0 0 0 2 0 100 100 0 0
14 384 0 0 0 2 0 100 100 0 0
13 448 0 0 0 2 0 100 100 0 0
14 448 64 0 0 2 90 100 100 0 0
15 448 128 0 0 2 90 100 100 0 0
15 448 192 0 0 2 90 100 100 0 0
15 448 256 0 0 2 90 100 100 0 0
15 448 320 0 0 2 90 100 100 0 0
1 128 128 0 0 2 0 100 100 0 0
1 192 128 0 0 2 0 100 100 0 0
1 256 128 0 0 2 0 100 100 0 0
1 320 192 0 0 2 0 100 100 0 0
1 256 192 0 0 2 0 100 100 0 0
1 192 192 0 0 2 0 100 100 0 0
1 128 192 0 0 2 0 100 100 0 0
1 64 192 0 0 2 0 100 100 0 0
1 64 256 0 0 2 0 100 100 0 0
1 128 256 0 0 2 0 100 100 0 0
1 192 256 0 0 2 0 100 100 0 0
1 256 256 0 0 2 0 100 100 0 0
1 320 256 0 0 2 0 100 100 0 0
1 384 256 0 0 2 0 100 100 0 0
1 384 320 0 0 2 0 100 100 0 0
1 320 320 0 0 2 0 100 100 0 0
1 256 320 0 0 2 0 100 100 0 0
1 128 320 0 0 2 0 100 100 0 0
1 64 320 0 0 2 0 100 100 0 0
1 64 384 0 0 2 0 100 100 0 0
1 128 384 0 0 2 0 100 100 0 0
1 192 384 0 0 2 0 100 100 0 0
1 256 384 0 0 2 0 100 100 0 0
1 320 384 0 0 2 0 100 100 0 0
1 384 384 0 0 2 0 100 100 0 0
1 64 448 0 0 2 0 100 100 0 0
1 128 448 0 0 2 0 100 100 0 0
1 192 448 0 0 2 0 100 100 0 0
1 320 448 0 0 2 0 100 100 0 0
1 256 448 0 0 2 0 100 100 0 0
1 384 448 0 0 2 0 100 100 0 0
3 384 128 1 0 2 0 100 100 0 0
6 384 192 0 0 2 0 100 100 0 0
7 64 128 1 0 2 0 100 100 0 0
1 320 128 0 0 2 0 100 100 0 0
8 320 128 1 0 2 0 100 100 0 0
14 64 64 0 0 0 0 100 -100 0 0
13 0 0 0 0 0 0 -100 100 0 0
14 64 0 0 0 0 0 100 100 0 0
13 256 0 0 0 0 0 -100 100 0 0
13 256 64 0 0 0 0 -100 -100 0 0
14 320 64 0 0 0 0 100 -100 0 0
14 384 64 0 0 0 0 100 -100 0 0
1 448 448 0 0 0 0 100 100 0 0
16 448 384 0 0 0 0 100 -100 0 0
16 0 384 0 0 0 0 100 -100 0 0
1 192 320 0 0 0 0 100 100 0 0
1 0 448 0 0 0 0 100 100 0 0
3 64 576 1 0 0 0 100 100 0 0
3 128 576 1 0 0 0 100 100 0 0
3 192 576 1 0 0 0 100 100 0 0
3 256 576 1 0 0 0 100 100 0 0
3 320 576 1 0 0 0 100 100 0 0
3 384 640 1 0 0 0 100 100 0 0
3 320 640 1 0 0 0 100 100 0 0
3 256 640 1 0 0 0 100 100 0 0
3 192 640 1 0 0 0 100 100 0 0
3 128 640 1 0 0 0 100 100 0 0
3 64 640 1 0 0 0 100 100 0 0
3 0 640 1 0 0 0 100 100 0 0
1 0 512 0 0 0 0 100 100 0 0
1 64 512 0 0 0 0 100 100 0 0
1 128 512 0 0 0 0 100 100 0 0
1 192 512 0 0 0 0 100 100 0 0
1 320 512 0 0 0 0 100 100 0 0
1 384 512 0 0 0 0 100 100 0 0
1 384 576 0 0 0 0 100 100 0 0
1 448 512 0 0 0 0 100 100 0 0
1 448 576 0 0 0 0 100 100 0 0
1 448 640 0 0 0 0 100 100 0 0
19 0 500 0 2 0 0 100 100 0 0
8 64 500 0 2 0 0 100 100 0 0
8 128 500 0 2 0 0 100 100 0 0
8 192 500 0 2 0 0 100 100 0 0
8 320 500 0 2 0 0 100 100 0 0
1 256 512 0 2 0 0 100 100 0 0
8 256 500 0 2 0 0 100 100 0 0
18 384 500 0 2 0 0 100 100 0 0
19 384 564 0 2 0 0 100 100 0 0
18 448 564 0 2 0 0 100 100 0 0
20 448 628 0 2 0 0 100 100 0 0
20 448 692 0 2 0 0 100 100 0 0
0 0 704 1 2 0 0 100 100 0 0
0 64 704 1 2 0 0 100 100 0 0
0 128 704 1 2 0 0 100 100 0 0
0 192 704 1 2 0 0 100 100 0 0
0 256 704 1 2 0 0 100 100 0 0
0 320 704 1 2 0 0 100 100 0 0
0 384 704 1 2 0 0 100 100 0 0
0 448 704 1 2 0 0 100 100 0 0
3 0 576 1 2 0 0 100 100 0 0
box 512 768
